_C_2820_5fa4a042_2 8c 0 1b8 0 0 6225625d 0 68205b25 0 65723d25 0 6e756d62 0 756e645f 0 2c20726f 0 6b3d256f 0 64626163 0 20666565 0 3d256f2c 0 75657373 0 625d2067 0 5b256225 0 257320 
_C_7538_5fa4ab48_1 84 0 f 0 0 7fe0 
_C_2aea_5fa4a0af_1 84 0 e 0 0 3fe0 
_C_5bf_5fa4adc2_3 8c 0 140 0 0 2025622c 0 68697465 0 622c2077 0 642c2025 0 2c207265 0 733a2562 0 67756573 0 25622c20 0 65726e3a 0 70617474 
_C_22dc_5fa49fbf_6 8c 0 1c0 0 0 5d202562 0 205b2562 0 723d2568 0 756d6265 0 6e645f6e 0 20726f75 0 3d256f2c 0 6261636b 0 66656564 0 256f2c20 0 6573733d 0 5d206775 0 25622562 0 2573205b 
_C_2706_5fa4a034_1 84 0 c 0 0 fe0 
_C_2aea_5fa4a0af_3 8c 0 1d0 0 0 5d202562 0 25622562 0 2568205b 0 6265723d 0 5f6e756d 0 6f756e64 0 6f2c2072 0 636b3d25 0 65646261 0 2c206665 0 733d256f 0 67756573 0 25625d20 0 205b2562 0 2573 
_C_22dc_5fa49fbf_7 80 0 1 0 1 
_C_22dc_5fa49fbf_4 84 0 d 0 0 1fe0 
_C_14d0_5fa4b027_2 8c 0 248 0 0 64202564 0 625d2025 0 5b256225 0 3d256820 0 6d626572 0 645f6e75 0 726f756e 0 256f2c20 0 61636b3d 0 65656462 0 6f2c2066 0 726e3d25 0 61747465 0 6f2c2070 0 73733d25 0 20677565 0 6225625d 0 73205b25 0 25 
_C_4a91_5fa4a613_4 84 0 2 0 0 2 
_C_4a91_5fa4a613_5 84 0 2 0 0 3 
_C_4a91_5fa4a613_2 84 0 2 0 0 0 
_C_4a91_5fa4a613_3 84 0 2 0 0 1 
_C_5915_5fa4a7f5_2 84 0 3 0 0 0 
_C_14d0_5fa4b027_3 84 0 c 0 0 0 
_C_189d_5fa4b068_2 8c 0 260 0 0 64202564 0 2f2f2025 0 25625d20 0 205b2562 0 723d2568 0 756d6265 0 6e645f6e 0 20726f75 0 3d256f2c 0 6261636b 0 66656564 0 256f2c20 0 65726e3d 0 70617474 0 256f2c20 0 6573733d 0 5d206775 0 25622562 0 2573205b 
_C_2706_5fa4a034_3 8c 0 1a8 0 0 5b25625d 0 3d256820 0 6d626572 0 645f6e75 0 726f756e 0 256f2c20 0 61636b3d 0 65656462 0 6f2c2066 0 73733d25 0 20677565 0 6225625d 0 73205b25 0 25 
_C_22dc_5fa49fbf_2 8c 0 518 0 0 2535642e 0 696d6520 0 61742074 0 696e6720 0 6c617070 0 6f766572 0 61726520 0 25356420 0 64202620 0 65202535 0 204c696e 0 20202020 0 a202020 0 256d2e20 0 666f7220 0 30302c20 0 6e652031 0 2c206c69 0 2e737622 0 72617279 0 226c6962 0 20202020 0 20202020 0 6e742e0a 0 74656d65 0 20737461 0 61736527 0 75652063 0 756e6971 0 696e2027 0 74636820 0 73206d61 0 74696f6e 0 6f6e6469 0 6e652063 0 616e206f 0 65207468 0 204d6f72 0 696e673a 0 5761726e 0 525420 
_C_4e5a_5fa4a67f_1 84 0 10 0 0 ffe0 
_C_4e5a_5fa4a67f_3 8c 0 1e8 0 0 64202564 0 625d2025 0 5b256225 0 3d256820 0 6d626572 0 645f6e75 0 726f756e 0 256f2c20 0 61636b3d 0 65656462 0 6f2c2066 0 73733d25 0 20677565 0 6225625d 0 73205b25 0 25 
_C_22dc_5fa49fbf_1 8c 0 b0 0 0 5f69745d 0 72616465 0 652c2067 0 5f67616d 0 74617274 0 5b73 
_C_5bf_5fa4adc2_2 84 0 9 0 0 1e0 
_C_22dc_5fa49fbf_3 8c 0 388 0 0 2535642e 0 696d6520 0 61742074 0 256d2c20 0 666f7220 0 30302c20 0 6e652031 0 2c206c69 0 2e737622 0 72617279 0 226c6962 0 20202020 0 20202020 0 6e742e0a 0 74656d65 0 20737461 0 61736527 0 75652063 0 756e6971 0 696e2027 0 68657320 0 6d617463 0 696f6e20 0 6e646974 0 6f20636f 0 673a204e 0 726e696e 0 54205761 0 52 
_C_22dc_5fa49fbf_8 94 0 20 0 0 1 
